0.6197080612182617	0	255.41683694319573	251.51301279223642	257.3354321694333	
0.7325639724731445	-4	250.93583980384142	256.34980149977946	257.3354321694333	
0.8449475765228271	-6	255.41683694319573	261.18659020732247	257.3354321694333	
0.9634690284729004	-9	255.41683694319573	256.34980149977946	257.3354321694333	
1.0749106407165527	-12	259.8978340825501	261.18659020732247	260.4736691471093	
1.1850364208221436	-14	255.41683694319573	256.34980149977946	257.3354321694333	
1.296675682067871	-17	268.8598283612587	266.0233789148655	263.6119061247854	
1.4094147682189941	-20	259.8978340825501	261.18659020732247	263.6119061247854	
1.5255074501037598	-23	255.41683694319573	256.34980149977946	254.19719519175732	
1.6388700008392334	-25	268.8598283612587	266.0233789148655	260.4736691471093	
1.7524995803833008	-28	259.8978340825501	261.18659020732247	263.6119061247854	
1.8628475666046143	-30	259.8978340825501	261.18659020732247	260.4736691471093	
1.9785335063934326	-33	264.37883122190436	266.0233789148655	266.7501431024614	
2.096315383911133	-36	268.8598283612587	266.0233789148655	266.7501431024614	
2.2082462310791016	-38	264.37883122190436	266.0233789148655	263.6119061247854	
2.3265717029571533	-40	264.37883122190436	270.8601676224085	266.7501431024614	
2.438880205154419	-43	268.8598283612587	270.8601676224085	266.7501431024614	
2.5555334091186523	-46	268.8598283612587	270.8601676224085	266.7501431024614	
2.6714158058166504	-48	268.8598283612587	270.8601676224085	266.7501431024614	
2.7830235958099365	-50	268.8598283612587	266.0233789148655	263.6119061247854	
2.8965511322021484	-53	268.8598283612587	270.8601676224085	266.7501431024614	
3.0096166133880615	-55	268.8598283612587	270.8601676224085	266.7501431024614	
3.1204965114593506	-58	273.340825500613	270.8601676224085	266.7501431024614	
3.2302091121673584	-60	268.8598283612587	270.8601676224085	266.7501431024614	
3.3406972885131836	-62	268.8598283612587	270.8601676224085	266.7501431024614	
3.4513349533081055	-64	273.340825500613	275.6969563299515	263.6119061247854	
3.561047077178955	-67	268.8598283612587	275.6969563299515	266.7501431024614	
3.6762001514434814	-69	273.340825500613	275.6969563299515	269.8883800801374	
3.7862157821655273	-72	273.340825500613	270.8601676224085	266.7501431024614	
3.8986876010894775	-74	273.340825500613	275.6969563299515	269.8883800801374	
4.008794784545898	-76	273.340825500613	270.8601676224085	266.7501431024614	
4.120725154876709	-78	268.8598283612587	270.8601676224085	266.7501431024614	
4.232580900192261	-81	268.8598283612587	270.8601676224085	269.8883800801374	
4.346086025238037	-83	273.340825500613	275.6969563299515	269.8883800801374	
4.457694053649902	-85	273.340825500613	275.6969563299515	269.8883800801374	
4.570625305175781	-87	273.340825500613	275.6969563299515	269.8883800801374	
4.691237211227417	-90	277.8218226399673	275.6969563299515	273.0266170578134	
4.805171012878418	-92	282.3028197793216	275.6969563299515	269.8883800801374	
4.916738748550415	-95	277.8218226399673	280.5337450374945	273.0266170578134	
5.0286219120025635	-97	286.78381691867594	275.6969563299515	269.8883800801374	
5.138962030410767	-100	291.26481405803025	280.5337450374945	266.7501431024614	
5.25009560585022	-102	295.74581119738457	280.5337450374945	260.4736691471093	
5.3794145584106445	-105	300.2268083367388	275.6969563299515	257.3354321694333	
5.491150379180908	-107	300.2268083367388	280.5337450374945	247.92072123640529	
5.6053080558776855	-110	300.2268083367388	285.3705337450375	247.92072123640529	
5.716516733169556	-112	304.7078054760932	280.5337450374945	232.2295363480252	
5.8283398151397705	-115	309.18880261544746	280.5337450374945	222.81482541499713	
5.940248250961304	-117	318.1507968941561	275.6969563299515	210.2618775042931	
6.053466558456421	-120	318.1507968941561	270.8601676224085	197.708929593589	
6.169508695602417	-122	322.63179403351046	266.0233789148655	185.15598168288494	
6.280899524688721	-124	331.59378831221903	261.18659020732247	169.46479679450488	
6.391707897186279	-126	340.55578259092766	256.34980149977946	144.35890097309672	
6.506021022796631	-129	340.55578259092766	261.18659020732247	144.35890097309672	
6.621368169784546	-131	358.4797711483449	270.8601676224085	131.8059530623927	
6.741081476211548	-134	385.36575398447076	280.5337450374945	128.66771608471666	
6.852110385894775	-136	380.88475684511644	275.6969563299515	122.39124212936463	
6.970376491546631	-138	389.8467511238251	270.8601676224085	116.1147681740126	
7.080892324447632	-141	394.3277482631794	275.6969563299515	103.56182026330853	
7.191375732421875	-143	394.3277482631794	275.6969563299515	97.2853463079565	
7.301233291625977	-145	403.289742541888	270.8601676224085	84.73239839725244	
7.41315770149231	-148	403.289742541888	270.8601676224085	87.87063537492845	
7.523688316345215	-150	398.80874540253376	266.0233789148655	84.73239839725244	
7.637709856033325	-152	398.80874540253376	266.0233789148655	78.45592444190041	
7.748130798339844	-155	407.7707396812424	270.8601676224085	78.45592444190041	
7.858996868133545	-157	407.7707396812424	270.8601676224085	78.45592444190041	
7.971011161804199	-159	412.25173682059665	275.6969563299515	78.45592444190041	
8.085007429122925	-161	407.7707396812424	270.8601676224085	78.45592444190041	
8.195273160934448	-164	412.25173682059665	275.6969563299515	75.31768746422438	
8.306601524353027	-165	407.7707396812424	270.8601676224085	75.31768746422438	
8.41805362701416	-168	407.7707396812424	275.6969563299515	75.31768746422438	
8.529292583465576	-170	407.7707396812424	270.8601676224085	75.31768746422438	
8.63914704322815	-171	412.25173682059665	275.6969563299515	78.45592444190041	
8.74879765510559	-173	398.80874540253376	270.8601676224085	65.90297653119634	
8.86253046989441	-175	430.1757253780139	266.0233789148655	72.17945048654836	
8.979693174362183	-178	430.1757253780139	266.0233789148655	62.76473955352032	
9.089648485183716	-180	434.6567225173682	266.0233789148655	62.76473955352032	
9.200255393981934	-182	430.1757253780139	266.0233789148655	72.17945048654836	
9.314394235610962	-184	439.13771965672254	275.6969563299515	84.73239839725244	
9.42759919166565	-186	439.13771965672254	280.5337450374945	87.87063537492845	
9.541130065917969	-188	434.6567225173682	280.5337450374945	97.2853463079565	
9.652288675308228	-190	434.6567225173682	280.5337450374945	97.2853463079565	
9.761203527450562	-193	425.6947282386596	275.6969563299515	116.1147681740126	
9.873042345046997	-195	394.3277482631794	280.5337450374945	131.8059530623927	
9.986290693283081	-197	389.8467511238251	285.3705337450375	131.8059530623927	
10.09872841835022	-199	385.36575398447076	285.3705337450375	169.46479679450488	
10.20847463607788	-201	394.3277482631794	304.71768857520954	197.708929593589	
10.318549156188965	-204	389.8467511238251	304.71768857520954	200.84716657126503	
10.428961753845215	-205	358.4797711483449	295.0441111601235	210.2618775042931	
10.54068636894226	-208	358.4797711483449	295.0441111601235	210.2618775042931	
10.652922630310059	-210	345.036779730282	299.8808998676665	225.95306239267313	
10.766966819763184	-212	340.55578259092766	304.71768857520954	241.64424728105323	
10.87926197052002	-214	340.55578259092766	304.71768857520954	244.78248425872926	
10.99246621131897	-216	336.07478545157335	309.55447728275254	266.7501431024614	
11.104331016540527	-218	331.59378831221903	314.39126599029555	269.8883800801374	
11.217012882232666	-220	331.59378831221903	314.39126599029555	279.30309101316544	
11.32937216758728	-222	331.59378831221903	319.22805469783856	288.71780194619345	
11.440814733505249	-225	322.63179403351046	314.39126599029555	288.71780194619345	
11.55113697052002	-227	322.63179403351046	319.22805469783856	294.9942759015455	
11.664951801300049	-229	327.1127911728647	319.22805469783856	298.13251287922157	
11.77521276473999	-231	322.63179403351046	314.39126599029555	298.13251287922157	
11.88685917854309	-233	322.63179403351046	319.22805469783856	301.2707498568975	
12.000374555587769	-235	318.1507968941561	319.22805469783856	301.2707498568975	
12.113464832305908	-237	313.66979975480183	319.22805469783856	298.13251287922157	
12.228465557098389	-239	318.1507968941561	319.22805469783856	301.2707498568975	
12.342249155044556	-241	313.66979975480183	319.22805469783856	301.2707498568975	
12.456080436706543	-243	313.66979975480183	319.22805469783856	304.40898683457357	
12.569632053375244	-246	313.66979975480183	319.22805469783856	301.2707498568975	
12.680299758911133	-248	318.1507968941561	314.39126599029555	301.2707498568975	
12.792206048965454	-250	309.18880261544746	319.22805469783856	301.2707498568975	
12.918911218643188	-252	309.18880261544746	324.06484340538157	301.2707498568975	
13.031327247619629	-254	313.66979975480183	324.06484340538157	307.54722381224957	
13.14099645614624	-256	318.1507968941561	324.06484340538157	304.40898683457357	
13.255438089370728	-258	318.1507968941561	324.06484340538157	304.40898683457357	
13.366170167922974	-260	313.66979975480183	324.06484340538157	307.54722381224957	
13.478694677352905	-262	313.66979975480183	324.06484340538157	307.54722381224957	
13.588250637054443	-264	318.1507968941561	324.06484340538157	307.54722381224957	
13.698716402053833	-266	318.1507968941561	324.06484340538157	307.54722381224957	
13.809661388397217	-268	318.1507968941561	324.06484340538157	307.54722381224957	
13.932730436325073	-270	318.1507968941561	324.06484340538157	307.54722381224957	
14.04528522491455	-272	313.66979975480183	324.06484340538157	307.54722381224957	
14.1565101146698	-275	318.1507968941561	324.06484340538157	310.6854607899256	
14.26768946647644	-277	327.1127911728647	328.9016321129246	307.54722381224957	
14.380682229995728	-279	322.63179403351046	328.9016321129246	307.54722381224957	
14.49109935760498	-280	318.1507968941561	328.9016321129246	307.54722381224957	
14.609646558761597	-283	322.63179403351046	328.9016321129246	307.54722381224957	
14.719719409942627	-285	322.63179403351046	333.7384208204676	310.6854607899256	
14.828740358352661	-287	318.1507968941561	333.7384208204676	310.6854607899256	
14.942086219787598	-289	318.1507968941561	328.9016321129246	310.6854607899256	
15.057709217071533	-291	318.1507968941561	333.7384208204676	310.6854607899256	
15.171683073043823	-293	309.18880261544746	328.9016321129246	304.40898683457357	
15.282018661499023	-295	309.18880261544746	328.9016321129246	298.13251287922157	
15.396886110305786	-297	300.2268083367388	324.06484340538157	298.13251287922157	
15.508537769317627	-299	300.2268083367388	324.06484340538157	298.13251287922157	
15.620760202407837	-301	295.74581119738457	324.06484340538157	291.8560389238695	
15.732648372650146	-302	282.3028197793216	304.71768857520954	273.0266170578134	
15.846325874328613	-305	268.8598283612587	299.8808998676665	266.7501431024614	
15.958296298980713	-307	268.8598283612587	295.0441111601235	260.4736691471093	
16.07116723060608	-308	250.93583980384142	275.6969563299515	244.78248425872926	
16.183334350585938	-310	237.4928483857785	266.0233789148655	232.2295363480252	
16.29794692993164	-312	228.53085410706987	256.34980149977946	222.81482541499713	
16.41107416152954	-315	197.1638741315897	232.1658579620644	200.84716657126503	
16.52559518814087	-316	188.2018798528811	217.65549183943537	194.570692615913	
16.640628337860107	-318	161.31589701675523	188.63475959417732	166.32655981682885	
16.75085425376892	-320	129.94891704127505	159.61402734891928	134.9441900400687	
16.863415956497192	-322	120.98692276256641	154.77723864137627	131.8059530623927	
16.983574628829956	-324	112.02492848385778	140.26687251874725	122.39124212936463	
17.09682536125183	-326	134.42991418062934	145.10366122629026	160.05008586147682	
17.216943979263306	-328	134.42991418062934	145.10366122629026	156.91184888380081	
17.32831311225891	-330	138.91091131998365	140.26687251874725	156.91184888380081	
17.441420078277588	-332	116.5059256232121	120.9197176885752	128.66771608471666	
17.552995204925537	-333	98.58193706579485	96.73577415086018	116.1147681740126	
17.666301488876343	-335	98.58193706579485	96.73577415086018	116.1147681740126	
17.77873182296753	-337	62.733959950960354	72.55183061314513	65.90297653119634	
17.888566732406616	-339	67.21495709031467	72.55183061314513	72.17945048654836	
18.00125813484192	-341	67.21495709031467	72.55183061314513	75.31768746422438	
18.110820531845093	-342	67.21495709031467	77.38861932068814	81.59416141957642	
18.224390983581543	-345	71.69595422966898	77.38861932068814	81.59416141957642	
18.336265087127686	-346	67.21495709031467	77.38861932068814	81.59416141957642	
18.446452140808105	-348	71.69595422966898	77.38861932068814	81.59416141957642	
18.565170764923096	-350	67.21495709031467	82.22540802823114	81.59416141957642	
18.675357341766357	-352	71.69595422966898	77.38861932068814	84.73239839725244	
18.789064168930054	-354	94.10093992644055	101.57256285840319	109.83829421866056	
18.904341220855713	-356	94.10093992644055	101.57256285840319	106.70005724098455	
19.018959999084473	-358	85.13894564773192	96.73577415086018	97.2853463079565	
19.132379293441772	-360	71.69595422966898	77.38861932068814	84.73239839725244	
19.252889156341553	-362	71.69595422966898	77.38861932068814	84.73239839725244	
19.366048097610474	-363	76.1769513690233	72.55183061314513	78.45592444190041	
19.478710174560547	-365	76.1769513690233	77.38861932068814	78.45592444190041	
19.592766523361206	-367	67.21495709031467	77.38861932068814	84.73239839725244	
19.705208778381348	-369	76.1769513690233	82.22540802823114	94.14710933028047	
19.819117069244385	-370	76.1769513690233	87.06219673577415	97.2853463079565	
19.933592081069946	-372	85.13894564773192	91.89898544331716	97.2853463079565	
20.046866178512573	-374	85.13894564773192	91.89898544331716	97.2853463079565	
20.16273283958435	-376	85.13894564773192	91.89898544331716	94.14710933028047	
20.27501893043518	-378	80.65794850837761	87.06219673577415	87.87063537492845	
20.385000228881836	-380	76.1769513690233	91.89898544331716	87.87063537492845	
20.497405529022217	-382	80.65794850837761	91.89898544331716	87.87063537492845	
20.611217737197876	-383	80.65794850837761	91.89898544331716	91.00887235260446	
20.72093892097473	-385	80.65794850837761	87.06219673577415	91.00887235260446	
20.83116912841797	-387	76.1769513690233	87.06219673577415	84.73239839725244	
20.940821886062622	-389	71.69595422966898	87.06219673577415	78.45592444190041	
21.051140546798706	-390	62.733959950960354	77.38861932068814	72.17945048654836	
21.16225838661194	-392	58.25296281160605	67.71504190560212	65.90297653119634	
21.275283336639404	-394	58.25296281160605	72.55183061314513	69.04121350887236	
21.3896062374115	-395	58.25296281160605	77.38861932068814	75.31768746422438	
21.50102186203003	-397	112.02492848385778	101.57256285840319	131.8059530623927	
21.610396146774292	-398	147.87290559869228	140.26687251874725	153.77361190612478	
21.722458362579346	-400	152.3539027380466	140.26687251874725	150.63537492844875	
21.83398723602295	-402	147.87290559869228	145.10366122629026	153.77361190612478	
21.94700837135315	-404	152.3539027380466	145.10366122629026	150.63537492844875	
22.05743432044983	-405	183.72088271352678	174.1243934715483	191.43245563823697	
22.168292999267578	-406	215.08786268900695	217.65549183943537	191.43245563823697	
22.278764486312866	-408	250.93583980384142	246.67622408469342	219.67658843732113	
22.389036655426025	-410	250.93583980384142	251.51301279223642	216.53835145964513	
22.498168230056763	-412	282.3028197793216	285.3705337450375	257.3354321694333	
22.608632802963257	-413	313.66979975480183	314.39126599029555	279.30309101316544	
22.71887445449829	-415	309.18880261544746	309.55447728275254	279.30309101316544	
22.829378128051758	-416	336.07478545157335	348.2487869430966	304.40898683457357	
22.94078803062439	-418	345.036779730282	357.9223643581826	316.96193474527763	
23.052140951156616	-420	349.5177768696363	362.7591530657256	323.23840870062963	
23.161391496658325	-421	358.4797711483449	377.26951918835465	332.6531196336577	
23.27261185646057	-422	376.4037597057622	401.45346272606974	351.4825414997138	
23.391143798828125	-425	371.9227625664078	391.77988531098373	348.34430452203776	
23.502564191818237	-426	380.88475684511644	406.29025143361275	364.0354894104178	
23.61338448524475	-428	385.36575398447076	411.12704014115576	367.1737263880939	
23.724900245666504	-430	389.8467511238251	411.12704014115576	364.0354894104178	
23.83437442779541	-431	398.80874540253376	420.8006175562418	376.5884373211219	
23.945467472076416	-433	394.3277482631794	420.8006175562418	376.5884373211219	
24.05950093269348	-435	403.289742541888	425.6374062637848	382.86491127647395	
24.169710636138916	-436	403.289742541888	425.6374062637848	379.72667429879795	
24.282433032989502	-438	412.25173682059665	435.31098367887074	382.86491127647395	
24.392666339874268	-439	407.7707396812424	435.31098367887074	382.86491127647395	
24.507031679153442	-441	403.289742541888	435.31098367887074	382.86491127647395	
24.62649369239807	-442	412.25173682059665	435.31098367887074	386.00314825415	
24.73802924156189	-444	412.25173682059665	435.31098367887074	386.00314825415	
24.848680019378662	-445	416.73273395995096	444.98456109395676	392.279622209502	
24.959272384643555	-445	412.25173682059665	440.14777238641375	392.279622209502	
25.07030701637268	-445	416.73273395995096	440.14777238641375	389.141385231826	
25.180814743041992	-445	416.73273395995096	435.31098367887074	386.00314825415	
25.290634870529175	-445	416.73273395995096	440.14777238641375	386.00314825415	
25.400375604629517	-445	416.73273395995096	440.14777238641375	389.141385231826	
25.51660943031311	-445	421.2137310993053	440.14777238641375	389.141385231826	
25.62817358970642	-445	416.73273395995096	440.14777238641375	389.141385231826	
25.74163556098938	-445	416.73273395995096	440.14777238641375	389.141385231826	
25.85284996032715	-445	416.73273395995096	435.31098367887074	389.141385231826	
25.967487573623657	-445	421.2137310993053	440.14777238641375	386.00314825415	
26.079286336898804	-445	412.25173682059665	440.14777238641375	389.141385231826	
26.189176321029663	-445	416.73273395995096	435.31098367887074	389.141385231826	
26.299651384353638	-445	416.73273395995096	440.14777238641375	389.141385231826	
26.42090940475464	-445	407.7707396812424	440.14777238641375	389.141385231826	
26.534384727478027	-445	416.73273395995096	440.14777238641375	386.00314825415	
26.643568754196167	-445	412.25173682059665	440.14777238641375	389.141385231826	
26.754366159439087	-445	412.25173682059665	440.14777238641375	389.141385231826	
26.866559505462646	-445	421.2137310993053	440.14777238641375	389.141385231826	
26.976203203201294	-445	416.73273395995096	440.14777238641375	389.141385231826	
27.088404893875122	-445	421.2137310993053	440.14777238641375	389.141385231826	
27.198369026184082	-445	416.73273395995096	440.14777238641375	392.279622209502	
27.308605909347534	-445	421.2137310993053	435.31098367887074	386.00314825415	
27.42294478416443	-445	416.73273395995096	440.14777238641375	386.00314825415	
27.54132580757141	-445	416.73273395995096	435.31098367887074	389.141385231826	
27.651082515716553	-445	421.2137310993053	435.31098367887074	386.00314825415	
27.762120485305786	-445	421.2137310993053	440.14777238641375	389.141385231826	
27.875239372253418	-445	421.2137310993053	440.14777238641375	389.141385231826	
27.986886978149414	-445	421.2137310993053	440.14777238641375	392.279622209502	
28.10070514678955	-445	416.73273395995096	440.14777238641375	392.279622209502	
28.210569381713867	-445	416.73273395995096	440.14777238641375	386.00314825415	
28.320502758026123	-445	416.73273395995096	440.14777238641375	392.279622209502	
28.43282151222229	-445	416.73273395995096	435.31098367887074	389.141385231826	
28.54362964630127	-445	412.25173682059665	435.31098367887074	389.141385231826	
28.65536117553711	-445	421.2137310993053	440.14777238641375	389.141385231826	
28.766167640686035	-445	421.2137310993053	435.31098367887074	389.141385231826	
28.87877106666565	-445	421.2137310993053	440.14777238641375	386.00314825415	
28.99035620689392	-445	416.73273395995096	444.98456109395676	392.279622209502	
29.102500438690186	-445	416.73273395995096	440.14777238641375	386.00314825415	
29.21618390083313	-445	416.73273395995096	440.14777238641375	392.279622209502	
29.333127975463867	-445	412.25173682059665	425.6374062637848	379.72667429879795	
29.447032690048218	-445	416.73273395995096	440.14777238641375	389.141385231826	
29.5601224899292	-445	425.6947282386596	449.82134980149976	392.279622209502	
29.68064594268799	-445	430.1757253780139	454.6581385090428	398.55609616485407	
29.793042182922363	-445	412.25173682059665	440.14777238641375	389.141385231826	
29.904886722564697	-445	425.6947282386596	454.6581385090428	395.417859187178	
30.01851987838745	-445	430.1757253780139	454.6581385090428	395.417859187178	
30.131718635559082	-445	434.6567225173682	454.6581385090428	401.69433314253007	
30.246617555618286	-445	425.6947282386596	454.6581385090428	401.69433314253007	
30.358866691589355	-445	425.6947282386596	449.82134980149976	398.55609616485407	
30.469706773757935	-445	425.6947282386596	449.82134980149976	398.55609616485407	
30.58259153366089	-445	430.1757253780139	454.6581385090428	401.69433314253007	
30.693727254867554	-445	439.13771965672254	469.1685046316718	411.1090440755581	
30.806652784347534	-445	434.6567225173682	464.3317159241288	404.83257012020607	
30.92069935798645	-445	412.25173682059665	435.31098367887074	386.00314825415	
31.031673192977905	-445	439.13771965672254	459.4949272165858	407.9708070978821	
31.144964694976807	-445	421.2137310993053	444.98456109395676	395.417859187178	
31.25596857070923	-445	407.7707396812424	430.4741949713278	379.72667429879795	
31.366347074508667	-445	371.9227625664078	391.77988531098373	351.4825414997138	
31.476508617401123	-445	336.07478545157335	348.2487869430966	323.23840870062963	
31.590319395065308	-445	327.1127911728647	338.5752095280106	313.82369776760163	
31.706477403640747	-445	304.7078054760932	314.39126599029555	291.8560389238695	
31.817025423049927	-445	300.2268083367388	304.71768857520954	288.71780194619345	
31.93013572692871	-447	304.7078054760932	309.55447728275254	294.9942759015455	
32.040910959243774	-450	309.18880261544746	314.39126599029555	301.2707498568975	
32.150707960128784	-452	322.63179403351046	333.7384208204676	307.54722381224957	
32.26311373710632	-455	336.07478545157335	343.4119982355536	316.96193474527763	
32.375529050827026	-458	318.1507968941561	333.7384208204676	304.40898683457357	
32.49032735824585	-461	336.07478545157335	343.4119982355536	320.10017172295363	
32.60082030296326	-464	353.99877400899055	372.43273048081164	338.92959358900976	
32.71222949028015	-467	362.9607682876992	377.26951918835465	342.06783056668576	
32.82631874084473	-470	358.4797711483449	377.26951918835465	342.06783056668576	
32.93605351448059	-472	403.289742541888	425.6374062637848	376.5884373211219	
33.05065989494324	-475	403.289742541888	430.4741949713278	379.72667429879795	
33.162209033966064	-478	443.61871679607685	474.0052933392148	407.9708070978821	
33.27552652359009	-480	412.25173682059665	444.98456109395676	389.141385231826	
33.38620591163635	-482	448.0997139354311	469.1685046316718	407.9708070978821	
33.49968075752258	-484	425.6947282386596	449.82134980149976	392.279622209502	
33.60922074317932	-486	398.80874540253376	425.6374062637848	379.72667429879795	
33.71886849403381	-488	412.25173682059665	449.82134980149976	386.00314825415	
33.831392765045166	-490	403.289742541888	449.82134980149976	364.0354894104178	
33.945679903030396	-493	353.99877400899055	415.96382884869877	313.82369776760163	
34.05756664276123	-496	340.55578259092766	386.9430966034407	298.13251287922157	
34.1763379573822	-499	295.74581119738457	348.2487869430966	263.6119061247854	
34.286914348602295	-502	277.8218226399673	333.7384208204676	254.19719519175732	
34.40066576004028	-504	300.2268083367388	357.9223643581826	273.0266170578134	
34.51086449623108	-506	340.55578259092766	411.12704014115576	304.40898683457357	
34.620391845703125	-509	412.25173682059665	483.6788707543008	373.45020034344594	
34.73102641105652	-511	407.7707396812424	459.4949272165858	373.45020034344594	
34.841999769210815	-512	403.289742541888	469.1685046316718	370.3119633657699	
34.95105242729187	-515	398.80874540253376	459.4949272165858	360.8972524327418	
35.06501483917236	-516	398.80874540253376	464.3317159241288	367.1737263880939	
35.17608594894409	-518	394.3277482631794	454.6581385090428	364.0354894104178	
35.286272048950195	-520	407.7707396812424	469.1685046316718	370.3119633657699	
35.39865803718567	-520	403.289742541888	459.4949272165858	357.7590154550659	
35.50857949256897	-520	398.80874540253376	459.4949272165858	360.8972524327418	
35.619587659835815	-520	394.3277482631794	454.6581385090428	360.8972524327418	
35.732402324676514	-520	394.3277482631794	459.4949272165858	357.7590154550659	
35.84535050392151	-520	394.3277482631794	459.4949272165858	357.7590154550659	
35.958457231521606	-520	398.80874540253376	459.4949272165858	360.8972524327418	
36.06868934631348	-520	398.80874540253376	459.4949272165858	357.7590154550659	
36.18086767196655	-520	385.36575398447076	449.82134980149976	348.34430452203776	
36.292137145996094	-520	362.9607682876992	440.14777238641375	335.7913566113337	
36.40206789970398	-520	362.9607682876992	440.14777238641375	335.7913566113337	
36.51533579826355	-520	362.9607682876992	435.31098367887074	335.7913566113337	
36.626060009002686	-520	353.99877400899055	430.4741949713278	335.7913566113337	
36.73697209358215	-520	353.99877400899055	435.31098367887074	338.92959358900976	
36.84823679924011	-520	349.5177768696363	430.4741949713278	335.7913566113337	
36.959317445755005	-520	349.5177768696363	435.31098367887074	338.92959358900976	
37.07823085784912	-520	345.036779730282	430.4741949713278	335.7913566113337	
37.191139459609985	-520	345.036779730282	435.31098367887074	338.92959358900976	
37.301679611206055	-520	349.5177768696363	430.4741949713278	335.7913566113337	
37.41495394706726	-520	345.036779730282	430.4741949713278	335.7913566113337	
37.52625489234924	-520	349.5177768696363	435.31098367887074	338.92959358900976	
37.638938665390015	-520	376.4037597057622	464.3317159241288	370.3119633657699	
37.750380992889404	-520	318.1507968941561	401.45346272606974	301.2707498568975	
37.862574100494385	-520	241.97384552513282	391.77988531098373	254.19719519175732	
37.980229139328	-520	304.7078054760932	401.45346272606974	301.2707498568975	
38.09266209602356	-520	286.78381691867594	411.12704014115576	288.71780194619345	
38.202155113220215	-520	295.74581119738457	406.29025143361275	288.71780194619345	
38.31262564659119	-520	277.8218226399673	401.45346272606974	263.6119061247854	
38.42506265640259	-520	147.87290559869228	343.4119982355536	163.18832283915285	
38.53537034988403	-520	98.58193706579485	319.22805469783856	112.97653119633657	
38.64631223678589	-520	53.77196567225174	290.2073224525805	91.00887235260446	
38.757553577423096	-520	53.77196567225174	290.2073224525805	91.00887235260446	
38.86888146400452	-520	58.25296281160605	290.2073224525805	91.00887235260446	
38.98169994354248	-520	58.25296281160605	285.3705337450375	87.87063537492845	
39.09499406814575	-520	58.25296281160605	285.3705337450375	87.87063537492845	
39.208157777786255	-520	58.25296281160605	285.3705337450375	91.00887235260446	
39.32272410392761	-520	53.77196567225174	290.2073224525805	87.87063537492845	
39.43484950065613	-520	53.77196567225174	280.5337450374945	87.87063537492845	
39.546900272369385	-520	58.25296281160605	285.3705337450375	87.87063537492845	
39.656564474105835	-520	53.77196567225174	290.2073224525805	87.87063537492845	
39.76869559288025	-520	58.25296281160605	285.3705337450375	91.00887235260446	
39.88396644592285	-520	58.25296281160605	290.2073224525805	91.00887235260446	
39.99919843673706	-520	76.1769513690233	314.39126599029555	119.25300515168861	
40.10814118385315	-520	80.65794850837761	309.55447728275254	112.97653119633657	
40.219443798065186	-520	76.1769513690233	295.0441111601235	109.83829421866056	
40.331358671188354	-520	76.1769513690233	299.8808998676665	109.83829421866056	
40.44242262840271	-520	76.1769513690233	299.8808998676665	109.83829421866056	
40.55335187911987	-520	76.1769513690233	304.71768857520954	109.83829421866056	
40.668776750564575	-520	76.1769513690233	295.0441111601235	112.97653119633657	
40.780213832855225	-520	80.65794850837761	299.8808998676665	109.83829421866056	
40.8910493850708	-520	76.1769513690233	295.0441111601235	106.70005724098455	
41.0052855014801	-520	80.65794850837761	304.71768857520954	109.83829421866056	
41.11698317527771	-520	80.65794850837761	299.8808998676665	106.70005724098455	
41.22897720336914	-520	76.1769513690233	304.71768857520954	112.97653119633657	
41.3405876159668	-520	80.65794850837761	299.8808998676665	109.83829421866056	
41.45222330093384	-520	80.65794850837761	299.8808998676665	109.83829421866056	
41.56300640106201	-520	80.65794850837761	299.8808998676665	109.83829421866056	
41.678725242614746	-520	80.65794850837761	299.8808998676665	109.83829421866056	
41.790332317352295	-520	80.65794850837761	304.71768857520954	109.83829421866056	
41.90128016471863	-520	71.69595422966898	290.2073224525805	94.14710933028047	
42.010759592056274	-520	71.69595422966898	299.8808998676665	106.70005724098455	
42.1282172203064	-520	76.1769513690233	295.0441111601235	106.70005724098455	
42.24093437194824	-520	53.77196567225174	275.6969563299515	78.45592444190041	
42.34960746765137	-520	89.61994278708623	328.9016321129246	116.1147681740126	
42.46128177642822	-520	80.65794850837761	309.55447728275254	112.97653119633657	
42.57274532318115	-520	76.1769513690233	295.0441111601235	100.42358328563252	
42.68871212005615	-520	107.54393134450348	295.0441111601235	122.39124212936463	
42.80105972290039	-520	206.12586841029832	324.06484340538157	203.98540354894104	
42.910690784454346	-520	273.340825500613	382.10630789589766	257.3354321694333	
43.02092361450195	-520	318.1507968941561	391.77988531098373	288.71780194619345	
43.13134455680847	-520	327.1127911728647	391.77988531098373	304.40898683457357	
43.243406534194946	-520	327.1127911728647	377.26951918835465	304.40898683457357	
43.35629606246948	-521	331.59378831221903	362.7591530657256	320.10017172295363	
43.46809124946594	-524	371.9227625664078	406.29025143361275	360.8972524327418	
43.57835054397583	-528	380.88475684511644	411.12704014115576	367.1737263880939	
43.68851399421692	-532	398.80874540253376	420.8006175562418	379.72667429879795	
43.801021099090576	-536	412.25173682059665	440.14777238641375	392.279622209502	
43.91276431083679	-539	434.6567225173682	464.3317159241288	407.9708070978821	
44.02526140213013	-543	416.73273395995096	444.98456109395676	392.279622209502	
44.13658142089844	-547	425.6947282386596	454.6581385090428	398.55609616485407	
44.252453327178955	-551	412.25173682059665	440.14777238641375	389.141385231826	
44.36531352996826	-555	398.80874540253376	420.8006175562418	376.5884373211219	
44.47621202468872	-559	403.289742541888	425.6374062637848	382.86491127647395	
44.588332176208496	-563	398.80874540253376	420.8006175562418	379.72667429879795	
44.70228171348572	-567	398.80874540253376	420.8006175562418	376.5884373211219	
44.81570100784302	-570	389.8467511238251	411.12704014115576	370.3119633657699	
44.92875027656555	-574	389.8467511238251	415.96382884869877	373.45020034344594	
45.03834271430969	-578	394.3277482631794	415.96382884869877	373.45020034344594	
45.150118589401245	-582	371.9227625664078	391.77988531098373	354.6207784773898	
45.260595083236694	-585	371.9227625664078	386.9430966034407	351.4825414997138	
45.37035799026489	-588	385.36575398447076	411.12704014115576	364.0354894104178	
45.483362436294556	-592	371.9227625664078	391.77988531098373	354.6207784773898	
45.596105098724365	-596	371.9227625664078	382.10630789589766	348.34430452203776	
45.7087299823761	-600	376.4037597057622	391.77988531098373	357.7590154550659	
45.8189651966095	-603	367.44176542705355	391.77988531098373	354.6207784773898	
45.93051481246948	-607	358.4797711483449	377.26951918835465	342.06783056668576	
46.04293179512024	-610	349.5177768696363	362.7591530657256	335.7913566113337	
46.15314483642578	-614	345.036779730282	357.9223643581826	329.51488265598164	
46.26897883415222	-617	336.07478545157335	348.2487869430966	323.23840870062963	
46.37945508956909	-621	318.1507968941561	333.7384208204676	310.6854607899256	
46.49525260925293	-624	322.63179403351046	333.7384208204676	313.82369776760163	
46.606730699539185	-628	349.5177768696363	362.7591530657256	332.6531196336577	
46.718344926834106	-630	367.44176542705355	391.77988531098373	354.6207784773898	
46.830846309661865	-633	367.44176542705355	382.10630789589766	348.34430452203776	
46.9409556388855	-635	367.44176542705355	386.9430966034407	354.6207784773898	
47.05332636833191	-638	353.99877400899055	372.43273048081164	342.06783056668576	
47.16491675376892	-640	358.4797711483449	377.26951918835465	348.34430452203776	
47.276127576828	-644	367.44176542705355	382.10630789589766	348.34430452203776	
47.38837003707886	-646	362.9607682876992	377.26951918835465	345.20606754436176	
47.502994775772095	-650	358.4797711483449	377.26951918835465	342.06783056668576	
47.61539387702942	-652	349.5177768696363	367.59594177326863	335.7913566113337	
47.725284814834595	-655	349.5177768696363	367.59594177326863	332.6531196336577	
47.83963704109192	-658	349.5177768696363	362.7591530657256	332.6531196336577	
47.952752351760864	-661	412.25173682059665	435.31098367887074	382.86491127647395	
48.06233882904053	-664	380.88475684511644	401.45346272606974	354.6207784773898	
48.17170763015747	-667	385.36575398447076	396.61667401852674	357.7590154550659	
48.28171229362488	-670	376.4037597057622	386.9430966034407	348.34430452203776	
48.39515781402588	-673	380.88475684511644	386.9430966034407	345.20606754436176	
48.509002447128296	-676	371.9227625664078	377.26951918835465	342.06783056668576	
48.62088489532471	-678	385.36575398447076	382.10630789589766	338.92959358900976	
48.73119330406189	-682	376.4037597057622	357.9223643581826	313.82369776760163	
48.84557008743286	-685	367.44176542705355	343.4119982355536	294.9942759015455	
48.95686316490173	-688	362.9607682876992	314.39126599029555	276.16485403548944	
49.06874418258667	-690	367.44176542705355	290.2073224525805	244.78248425872926	
49.18067121505737	-694	407.7707396812424	232.1658579620644	194.570692615913	
49.29504680633545	-697	412.25173682059665	188.63475959417732	156.91184888380081	
49.40651345252991	-700	448.0997139354311	159.61402734891928	134.9441900400687	
49.5203320980072	-704	470.5046996322027	135.43008381120424	109.83829421866056	
49.63123536109924	-706	461.5427053534941	145.10366122629026	122.39124212936463	
49.742491722106934	-709	483.94769105026563	125.75650639611821	100.42358328563252	
49.85276651382446	-712	533.2386595831631	116.0829289810322	91.00887235260446	
49.96563386917114	-716	551.1626481405804	116.0829289810322	97.2853463079565	
50.07835602760315	-719	564.6056395586432	130.59329510366123	109.83829421866056	
50.19107913970947	-722	578.0486309767061	145.10366122629026	125.52947910704064	
50.306682109832764	-725	569.0866366979975	159.61402734891928	147.49713795077275	
50.42556095123291	-728	622.8586023702493	222.49228054697838	197.708929593589	
50.53878879547119	-731	645.2635880670209	256.34980149977946	213.4001144819691	
50.650487422943115	-734	649.7445852063752	261.18659020732247	210.2618775042931	
50.761725425720215	-737	627.3395995096037	246.67622408469342	197.708929593589	
50.87283539772034	-740	640.7825909276665	251.51301279223642	191.43245563823697	
50.98606538772583	-743	604.934613812832	212.8187031318924	147.49713795077275	
51.09850883483887	-746	600.4536166734777	198.30833700926337	122.39124212936463	
51.211090087890625	-748	587.0106252554148	145.10366122629026	87.87063537492845	
51.3291220664978	-752	578.0486309767061	135.43008381120424	81.59416141957642	
51.44168472290039	-754	555.6436452799346	120.9197176885752	75.31768746422438	
51.55267596244812	-757	542.2006538618716	120.9197176885752	72.17945048654836	
51.666138648986816	-760	501.87167960768284	116.0829289810322	84.73239839725244	
51.778101444244385	-762	461.5427053534941	145.10366122629026	119.25300515168861	
51.88951063156128	-765	434.6567225173682	183.79797088663432	153.77361190612478	
52.0020477771759	-768	398.80874540253376	203.14512571680638	185.15598168288494	
52.11338996887207	-771	376.4037597057622	246.67622408469342	219.67658843732113	
52.22645664215088	-774	371.9227625664078	275.6969563299515	247.92072123640529	
52.3379807472229	-777	362.9607682876992	285.3705337450375	257.3354321694333	
52.4509060382843	-780	349.5177768696363	324.06484340538157	288.71780194619345	
52.566384077072144	-782	353.99877400899055	333.7384208204676	301.2707498568975	
52.67924737930298	-785	340.55578259092766	328.9016321129246	301.2707498568975	
52.78914284706116	-788	345.036779730282	343.4119982355536	307.54722381224957	
52.90010070800781	-791	340.55578259092766	338.5752095280106	307.54722381224957	
53.01296281814575	-794	331.59378831221903	338.5752095280106	310.6854607899256	
53.12354826927185	-796	345.036779730282	353.0855756506396	316.96193474527763	
53.23358607292175	-798	340.55578259092766	353.0855756506396	323.23840870062963	
53.34609866142273	-800	349.5177768696363	367.59594177326863	329.51488265598164	
53.45521879196167	-803	340.55578259092766	353.0855756506396	323.23840870062963	
53.56507468223572	-806	340.55578259092766	357.9223643581826	323.23840870062963	
53.677964210510254	-808	345.036779730282	357.9223643581826	323.23840870062963	
53.787622928619385	-811	340.55578259092766	357.9223643581826	320.10017172295363	
53.89681386947632	-813	345.036779730282	362.7591530657256	329.51488265598164	
54.009268283843994	-816	345.036779730282	362.7591530657256	326.3766456783057	
54.12310171127319	-818	358.4797711483449	372.43273048081164	338.92959358900976	
54.23313927650452	-820	362.9607682876992	382.10630789589766	342.06783056668576	
54.348013401031494	-823	362.9607682876992	382.10630789589766	342.06783056668576	
54.45686864852905	-825	376.4037597057622	396.61667401852674	348.34430452203776	
54.57569909095764	-828	362.9607682876992	382.10630789589766	342.06783056668576	
54.68638277053833	-830	362.9607682876992	367.59594177326863	332.6531196336577	
54.79565358161926	-831	367.44176542705355	377.26951918835465	338.92959358900976	
54.9084529876709	-832	376.4037597057622	382.10630789589766	345.20606754436176	
55.01913356781006	-834	380.88475684511644	391.77988531098373	345.20606754436176	
55.130741119384766	-834	380.88475684511644	391.77988531098373	348.34430452203776	
55.24078130722046	-834	376.4037597057622	391.77988531098373	345.20606754436176	
55.354981422424316	-834	380.88475684511644	391.77988531098373	345.20606754436176	
55.46672558784485	-834	362.9607682876992	367.59594177326863	329.51488265598164	
55.57766270637512	-834	371.9227625664078	377.26951918835465	342.06783056668576	
55.68953084945679	-834	394.3277482631794	401.45346272606974	354.6207784773898	
55.80086851119995	-834	380.88475684511644	396.61667401852674	351.4825414997138	
55.91205430030823	-834	385.36575398447076	391.77988531098373	348.34430452203776	
56.02500891685486	-834	367.44176542705355	382.10630789589766	338.92959358900976	
56.13347125053406	-834	380.88475684511644	401.45346272606974	357.7590154550659	
56.24556803703308	-834	385.36575398447076	401.45346272606974	354.6207784773898	
56.358896017074585	-834	376.4037597057622	396.61667401852674	354.6207784773898	
56.46929574012756	-834	362.9607682876992	386.9430966034407	348.34430452203776	
56.578548431396484	-834	371.9227625664078	391.77988531098373	348.34430452203776	
56.69157862663269	-834	349.5177768696363	367.59594177326863	329.51488265598164	
56.80225706100464	-834	358.4797711483449	372.43273048081164	335.7913566113337	
56.91125464439392	-834	371.9227625664078	386.9430966034407	348.34430452203776	
57.025535106658936	-834	362.9607682876992	382.10630789589766	345.20606754436176	
57.14137244224548	-834	349.5177768696363	362.7591530657256	329.51488265598164	
57.25111794471741	-834	349.5177768696363	362.7591530657256	329.51488265598164	
57.36266326904297	-834	349.5177768696363	362.7591530657256	332.6531196336577	
57.4776246547699	-834	340.55578259092766	353.0855756506396	323.23840870062963	
57.58738613128662	-834	336.07478545157335	353.0855756506396	323.23840870062963	
57.6976261138916	-834	336.07478545157335	343.4119982355536	320.10017172295363	
57.80748915672302	-834	331.59378831221903	343.4119982355536	316.96193474527763	
57.916624784469604	-834	327.1127911728647	333.7384208204676	313.82369776760163	
58.028544902801514	-834	331.59378831221903	333.7384208204676	316.96193474527763	
58.141944885253906	-834	322.63179403351046	328.9016321129246	310.6854607899256	
58.25128746032715	-834	327.1127911728647	328.9016321129246	310.6854607899256	
58.36285066604614	-834	309.18880261544746	314.39126599029555	298.13251287922157	
58.473438024520874	-834	313.66979975480183	309.55447728275254	301.2707498568975	
58.58441376686096	-834	309.18880261544746	309.55447728275254	301.2707498568975	
58.69610047340393	-834	309.18880261544746	304.71768857520954	298.13251287922157	
58.809051513671875	-834	318.1507968941561	314.39126599029555	304.40898683457357	
