446	12	-140	-100	-174.6	-1575.035763230227	0.0
443	12	-140	-100	-174.0	3.7254885241242093	-0.021697378158569335
436	12	-140	-100	-171.9	26.579873257287705	-0.021251459916432697
430	12	-140	-100	-170.1	39.56144123750236	-0.018273264169692993
424	12	-140	-100	-168.6	30.29603305307561	-0.026383175452550253
416	12	-140	-100	-166.2	39.341578145151836	-0.04044349988301595
408	12	-140	-100	-163.79999999999998	57.55872101001784	-0.032990463574727374
401	12	-140	-100	-162.0	34.53807641633729	-0.04782161712646484
393	12	-140	-100	-159.6	47.85969476536871	-0.05228245258331299
384	12	-140	-100	-156.9	44.097960328029714	-0.07137518326441447
375	12	-140	-100	-154.5	57.2347286187016	-0.05395908057689667
367	12	-140	-100	-151.79999999999998	51.73894736842105	-0.07337315877278645
358	12	-140	-100	-149.1	54.8418410041841	-0.07498836517333984
348	12	-140	-100	-146.1	43.4058159991721	-0.1132240742444992
338	12	-140	-100	-143.1	47.42863604496008	-0.11075118780136108
329	12	-140	-100	-140.4	53.832942585779065	-0.09335594077905018
320	12	-140	-100	-137.4	45.45784020462132	-0.12998918890953062
311	12	-140	-100	-134.7	56.476265709156195	-0.0992341637611389
300	12	-140	-100	-132.0	51.74320256600049	-0.11373474597930909
288	12	-140	-100	-127.8	83.13548533242722	-0.11526031494140623
277	12	-140	-100	-125.1	60.99327193407659	-0.10535998145739238
268	12	-140	-100	-121.8	46.194625335415914	-0.17692203720410665
259	12	-140	-100	-119.1	38.8265613428783	-0.1787597139676412
250	12	-140	-100	-116.1	64.27461076376119	-0.12427146434783935
239	12	-140	-100	-113.39999999999999	53.763937788412235	-0.13820834755897524
229	12	-140	-100	-110.7	35.73066787823716	-0.2145740747451782
220	12	-140	-100	-107.39999999999999	49.29203418803419	-0.19582271575927734
211	12	-140	-100	-104.7	57.5245131205998	-0.14117894371350606
200	12	-140	-100	-101.7	60.367069660333904	-0.15349382162094116
190	12	-140	-100	-99.0	54.575433726578765	-0.156686798731486
181	12	-140	-100	-95.7	49.613248166548374	-0.21574098666508992
172	12	-140	-100	-93.0	64.31666325904723	-0.13926212191581724
161	12	-140	-100	-90.0	60.16962185115051	-0.16897831161816915
151	12	-140	-100	-87.3	58.6834810185617	-0.15912697811921436
142	12	-140	-100	-84.0	54.56682751442899	-0.21323496500651043
133	12	-140	-100	-81.3	63.970066090493134	-0.15155526002248126
122	12	-140	-100	-78.3	65.61391652587447	-0.16704408526420594
111	12	-140	-100	-75.3	65.86739533276798	-0.1691529870033264
103	12	-140	-100	-72.3	51.19375076284633	-0.22104206184546152
94	12	-140	-100	-69.6	58.13579744963962	-0.17777342796325685
83	12	-140	-100	-66.89999999999999	54.157321167254885	-0.1935103098551432
74	12	-140	-45.84698113546045	-63.9	60.89821993785753	-0.1937545229991277
62	12	-140	-100	-60.3	47.46835672249887	-0.3020257631937663
53	12	-140	-100	-57.9	46.12673485098427	-0.20962776740392047
45	12	-140	-15.246187781183137	-55.199999999999996	54.33974779754707	-0.20240708589553832
36	12	-140	-100	-52.5	32.467003818763544	-0.34230907360712687
28	12	-140	100	-49.8	59.002682171996625	-0.19021381040414173
21	12	-140	-50.014287462862185	-47.699999999999996	44.412367640830155	-0.19836347699165344
16	12	-140	-100	-45.9	29.533192508097454	-0.2579301238059997
10	12	-140	-100	-44.4	22.65232231583495	-0.2825777232646942
0	12	-140	-3.0055253598043357	-41.4	41.50146441858624	-0.31094953616460164
-6	12	-140	37.81188318472063	-39.3	42.151388290694	-0.21590003271897631
-11	12	-140	-66.31549974016505	-37.8	33.373945701645496	-0.19613603353500367
-16	12	-140	-100	-36.3	24.444040375783853	-0.26957831978797914
-20	12	-140	-100	-34.8	22.624463287807192	-0.29311622281869254
-27	12	-140	38.282065698712145	-33.3	36.15280650944697	-0.18454653024673462
-32	12	-140	100	-31.2	43.690666666666665	-0.21502494812011722
-36	12	-140	-100	-30.299999999999997	14.614299651567945	-0.27698328097661334
-38	12	-140	-100	-29.4	16.8270239910134	-0.24181093076864876
-42	12	-140	-100	-28.5	21.620123711340206	-0.18914669752120972
-47	12	-140	20.577744256320045	-27.0	28.67312004375171	-0.238851269086202
-52	12	-140	40.9246280014757	-25.2	28.343722124611435	-0.29127555290857954
-55	12	-140	-100	-24.3	13.749111650167182	-0.3015043278535207
-58	12	-140	-90.4858811392232	-23.4	17.333267212166295	-0.2401331275701523
-62	12	-140	-42.80690316404242	-22.2	19.50204119588971	-0.28568234642346696
-68	12	-140	100	-20.7	34.39194463577027	-0.20324324866135915
-71	12	-140	98.32852390812974	-19.5	26.564722275001582	-0.2112241586049398
-72	12	-140	-91.68205707310794	-18.9	12.730844412068233	-0.22108379006385803
-73	12	-140	-100	-18.9	0.0	-0.35858581066131595
-76	12	-140	-59.698460789650454	-18.3	14.336560021875854	-0.19754273891448976
-79	12	-140	81.69286270543442	-17.099999999999998	23.040562513733246	-0.2465699831644694
-82	12	-140	50.812946032994155	-16.2	19.95577124369588	-0.21410890519618989
-83	12	-140	-100	-15.899999999999999	4.5123332472674065	-0.31646291017532346
-84	12	-140	-100	-15.6	6.623561366938286	-0.21614756584167483
-87	12	-140	-41.567359428083876	-15.0	12.335462619845892	-0.23270757198333739
-90	12	-140	44.258741558047866	-13.799999999999999	17.219057002689	-0.33422271609306337
-92	12	-140	83.74354999785677	-12.9	18.965020799421236	-0.2280953645706177
-94	12	-140	-93.63537514864788	-12.6	6.3028641841733535	-0.229249832034111
-94	12	-140	-100	-12.299999999999999	4.914931214699196	-0.29458138048648835
-96	12	-140	-26.1608842751907	-11.7	10.162097204050976	-0.2855108380317688
-100	12	-140	23.289501082734727	-11.1	12.94778045317034	-0.22450222770373027
-103	12	-140	92.14526848362296	-9.9	16.671849908577787	-0.3493246952692668
-103	12	-140	-1.8799321379889018	-9.299999999999999	9.476725637723401	-0.30775690774122877
-102	12	-140	-100	-9.9	-11.720188895408947	-0.24921384453773499
-102	12	-140	-100	-9.9	0.0	-0.3017689645290375
-104	12	-140	-59.926060377139436	-9.6	5.681029391846133	-0.25787580013275146
-106	12	-140	75.37523912480736	-9.0	14.456636680108916	-0.20298251310984294
-108	12	-140	100	-8.1	18.852499101042792	-0.23381073474884032
-108	12	-140	-100	-8.1	0.0	-0.30391671756903327
-108	12	-140	-100	-8.1	0.0	-0.2569336851437886
-109	12	-140	-100	-8.1	0.0	-0.22761656045913697
-113	12	-140	75.47052737659632	-7.199999999999999	12.806253053248657	-0.3459572950998942
-114	12	-140	100	-6.3	18.93932990156236	-0.23419079184532166
-114	12	-140	-26.711353386152602	-6.0	4.469347654668287	-0.33112898568312327
-113	12	-140	-100	-6.6	-14.256157166649672	-0.20781469047069548
-113	12	-140	-99.34241554487384	-6.6	0.0	-0.3241663634777069
-115	12	-140	-6.369846806221741	-6.3	6.099386324637175	-0.24336464703083038
-117	12	-140	43.57568538870526	-5.7	9.065041388402602	-0.327816116809845
-119	12	-140	100	-5.1	14.394124712584508	-0.20663330455621085
-119	12	-140	-6.404285298583115	-4.8	4.672173951788976	-0.3185526371002197
-118	12	-140	-100	-5.1	-4.904586168993662	-0.3036840200424194
-118	12	-140	-77.4559415823418	-5.1	0.0	-0.2986791282892227
-119	12	-140	32.35488056740588	-4.8	7.26060102478881	-0.20546584924062092
-120	12	-140	-6.244826979320774	-4.5	4.403746167737601	-0.33901060819625856
-121	12	-140	-2.53934071889834	-4.2	4.365247075475626	-0.34223912358284
-122	12	-140	40.62472589483643	-3.9	6.946742190864222	-0.2151987959941228
-122	12	-140	-59.17331614829548	-3.9	0.0	-0.22438013553619385
-122	12	-140	-59.55555740011644	-3.9	0.0	-0.2510223507881164
-124	12	-140	39.276977004340125	-3.5999999999999996	6.565705519551673	-0.22810022234916688
-125	12	-140	100	-3.0	12.139457613383115	-0.2468763053417206
-125	12	-140	-47.61782865784261	-3.0	0.0	-0.31896265745162966
-124	12	-140	-100	-3.3	-6.040358305250727	-0.24830664594968158
-125	12	-140	-52.23535071828614	-3.3	0.0	-0.34080394506454464
-127	12	-140	100	-2.6999999999999997	12.650211123175293	-0.23736977577209473
-128	12	-140	100	-2.1	13.194614319869133	-0.22767075300216677
-127	12	-140	-33.72935226008061	-2.1	0.0	-0.2509358525276184
-126	12	-140	-100	-2.6999999999999997	-9.032829392255675	-0.3327830175558726
-126	12	-140	-41.731162198931905	-2.6999999999999997	0.0	-0.20866200526555378
-128	12	-140	57.01307654438461	-2.4	6.601668398023105	-0.2278569628794988
-129	12	-140	100	-1.7999999999999998	9.736081708449396	-0.3091164827346802
-128	12	-140	-100	-2.1	-6.3968765251342115	-0.23530364036560059
-127	12	-140	-100	-2.4	-4.53369652160754	-0.3321118732293447
-130	12	-140	58.84793456391323	-2.1	6.435745412140183	-0.2340443730354309
-132	12	-140	-100	-54.6	-494.4127048277827	0.0
-134	10	-140	-100	-54.3	1.6861252482372142	-0.007495818535486857
-135	6	-140	-100	-53.4	18.58024275715425	-0.004070183634757995
-135	2	-140	-100	-52.199999999999996	21.32227136393676	-0.007047925392786661
-135	-3	-140	-100	-51.0	18.3213384003844	-0.010840425888697306
-135	-8	-140	-100	-49.199999999999996	38.99501673484567	-0.009456336498260498
-135	-16	-140	-100	-47.4	37.170365118752215	-0.01175891955693563
-135	-22	-140	-100	-45.0	36.79940339102016	-0.018221913774808248
-135	-31	-140	-22.617983167348765	-42.9	41.339483540311456	-0.015956967075665792
-135	-37	-140	80.37300065778076	-40.8	46.41770694997787	-0.0157088041305542
-135	-43	-140	53.762564974330154	-38.699999999999996	42.46597818855044	-0.018727409839630126
-135	-46	-140	-100	-37.5	25.25243986874981	-0.01941506564617157
-135	-49	-140	-100	-36.9	13.612124752539513	-0.01928427815437317
-135	-54	-140	-100	-36.0	18.378336692664973	-0.02281898558139801
-135	-60	-140	-50.33256728029356	-34.199999999999996	30.720750018310994	-0.02892995774745941
-135	-64	-140	96.20793993522237	-32.4	39.12962030040116	-0.023926886916160586
-135	-68	-140	-98.65224733939506	-31.2	24.35080263578043	-0.026864275336265564
-135	-74	-140	-33.15984176857369	-29.4	27.126529556331654	-0.03777052760124207
-135	-78	-140	-100	-28.2	19.391141932501156	-0.03662898143132528
-135	-83	-140	-48.24334447029386	-27.0	23.6685514361492	-0.03111254572868347
-135	-87	-140	100	-25.5	33.964175817056976	-0.028021763761838275
-135	-92	-140	-60.39063860801874	-24.0	19.840230080793173	-0.04945759177207947
-135	-96	-140	54.230876493879954	-22.8	26.610227128536987	-0.03033503691355387
-135	-98	-140	-46.68174920009788	-21.9	18.679540393693774	-0.033258312940597536
-135	-100	-140	-100	-21.3	9.544005279086171	-0.04445780813694
-135	-105	-140	-68.38728677564939	-20.4	15.67495328499888	-0.04154717326164246
-135	-111	-140	5.854930025987634	-18.9	19.36535726817737	-0.05726864536603292
-135	-116	-140	100	-16.8	27.6367031891261	-0.057288450002670285
-135	-117	-140	-100	-16.2	9.123605673018359	-0.05043388605117798
-135	-119	-140	-70.52183494030022	-15.6	10.728217720482913	-0.04358961582183838
-135	-122	-140	-73.83808280682011	-14.7	9.627470963595465	-0.07398533523082733
-135	-126	-140	100	-13.5	29.136216178666945	-0.033063089847564696
-135	-129	-140	92.60339997390413	-12.6	19.092789512017482	-0.03833253383636474
-135	-129	-140	-100	-12.299999999999999	3.485320170846421	-0.07083280384540558
-135	-129	-140	-100	-12.299999999999999	0.0	-0.03629461924235026
-135	-132	-140	-100	-12.0	4.040521742481166	-0.0625091165304184
-135	-136	-140	100	-10.799999999999999	18.706199268575507	-0.0546016256014506
-135	-138	-140	100	-9.9	21.54682009657865	-0.035900502403577166
-135	-138	-140	-55.51209306387835	-9.6	5.7758462089289155	-0.045039095481236774
-135	-138	-140	-100	-9.6	0.0	-0.053646894296010335
-135	-140	-140	-69.32280399797158	-9.299999999999999	4.526650693949794	-0.058450132608413696
-135	-143	-140	99.5363820893885	-8.4	15.389682248477289	-0.051996416846911114
-135	-144	-140	77.85843854479415	-7.8	13.267236034668185	-0.040502868096033734
-135	-142	-140	-100	-7.8	0.0	-0.04886582990487417
-135	-142	-140	-100	-8.7	-12.96699437333828	-0.06299647986888884
-135	-143	-140	-30.017598665904714	-8.4	6.350964537718421	-0.04319116473197937
-135	-145	-140	60.160882160670525	-7.8	12.039105600045925	-0.04589211344718933
-135	-146	-140	25.488594262198333	-7.199999999999999	9.038084771693926	-0.06152975161870321
-135	-146	-140	-100	-7.199999999999999	0.0	-0.07612774769465128
-135	-147	-140	-100	-7.199999999999999	0.0	-0.07600169579188029
-135	-149	-140	100	-6.6	14.477594836215525	-0.03910256624221802
-135	-151	-140	95.84394219479636	-6.0	12.72505081763296	-0.044728046655654906
-135	-150	-140	-86.97862616000366	-6.0	0.0	-0.06241024335225422
-135	-149	-140	-100	-6.3	-6.17590482080278	-0.04652939438819886
-135	-151	-140	17.482754603877577	-6.0	7.258339390163707	-0.03979139427344004
-135	-152	-140	100	-5.3999999999999995	12.681191232048375	-0.04576988518238068
-135	-151	-140	-78.3197679683844	-5.3999999999999995	0.0	-0.058887827396392825
-135	-150	-140	-100	-6.0	-14.175213761870966	-0.04129861295223236
-135	-152	-140	13.695105178435881	-5.7	6.698454069247477	-0.04390523831049601
-135	-153	-140	10.170519859275773	-5.3999999999999995	6.156866889789208	-0.04798165559768677
-135	-154	-140	-9.234434125975065	-5.1	4.52196562951463	-0.06560568809509278
-135	-154	-140	34.57292671041501	-4.8	7.250810773432908	-0.04107778171698252
-135	-154	-140	-69.57193939723449	-4.8	0.0	-0.04916417598724365
-135	-154	-140	-69.56483042451083	-4.8	0.0	-0.04866868058840434
-135	-155	-140	-69.91944560760633	-4.8	0.0	-0.07338535885016123
-135	-158	-140	100	-4.2	14.470102808252259	-0.041781550645828246
-135	-159	-140	100	-3.5999999999999996	11.635330670217488	-0.052128108342488606
-135	-158	-140	-52.55603177418611	-3.5999999999999996	0.0	-0.0631554146607717
-135	-157	-140	-100	-3.9	-7.224583161085848	-0.042207356293996176
-135	-158	-140	-56.6434779844462	-3.9	0.0	-0.04805041551589966
-135	-160	-140	43.58437231139305	-3.5999999999999996	6.683723746693437	-0.04589299658934275
-135	-161	-140	97.5520963018132	-3.0	9.861757306435306	-0.06237619419892629
-135	-160	-140	-43.70838390874384	-3.0	0.0	-0.046474358439445494
-135	-159	-140	-100	-3.3	-6.218205538753484	-0.04968609213829041
-135	-161	-140	-13.683670823758415	-3.0	2.187815055917209	-0.14156691233317056
-135	-162	-140	100	-2.4	12.819561097866618	-0.04842859506607056
-135	-163	-140	30.364584330721577	-2.1	4.28891752050228	-0.07250599265098571
-135	-162	-140	-100	-2.4	-5.94835488994781	-0.0523604154586792
-135	-162	-140	-35.10759747353311	-2.4	0.0	-0.04699954390525817
-135	-163	-140	60.283335421350536	-2.1	6.350964537718421	-0.04921605885028839
-135	-164	-140	38.15748195411273	-1.7999999999999998	4.52870346376436	-0.06912697156270345
-135	-163	-140	-26.445875978538258	-1.7999999999999998	0.0	-0.04327755570411682
-135	-162	-140	-100	-2.1	-6.061308130292783	-0.05178566773732503
-135	-164	-140	-30.863318544207207	-2.1	0.0	-0.05117330253124237
-135	-166	-140	38.57756658471097	-1.7999999999999998	4.557936145704288	-0.06907975474993387
-135	-167	-140	64.56241032998565	4.5	0.0	0.0
-135	-167	-138	63.12769010043042	4.4	-0.0	0.0
-135	-168	-133	58.82352941176472	4.1000000000000005	-0.0	0.0
-135	-168	-128	51.64992826398852	3.6	-0.0	0.0
-135	-167	-122	44.476327116212346	3.1	-0.0	0.0
-135	-167	-115	34.43328550932569	2.4000000000000004	-0.0	0.0
-135	-167	-110	24.39024390243903	1.7000000000000002	-0.0	0.0
-135	-167	-104	17.216642754662846	1.2000000000000002	-0.0	0.0
-135	-167	-101	11.477761836441895	0.8	-0.0	0.0
